% -------------------------------------------------------------------
%  Generated by MATLAB on 14-Dec-2023 16:35:00
%  MATLAB version: 9.9.0.1592791 (R2020b) Update 5
% -------------------------------------------------------------------
                                    

A = ...
  [1 0 0 0 0 0;
   0 1 0 0 0 0;
   0 0 0.50000000000000011 0 0.49999999999999989 0;
   0 0 0 1 0 0;
   0 0 0.49999999999999989 0 0.50000000000000011 0;
   0 0 0 0 0 1];

Npoints = 30;

ans = [1; 1; 2.2204460492503131E-16; 0; -2.2204460492503131E-16; 0];

delta = 6;

margin_fz = ...
  [0.10139392792050696 0.13102255934976054 0.16042039658550244 0.18959012584558979 ...
   0.21853439182259146 0.24725579848219656 0.27575690984516094 0.30404025075106084 ...
   0.33210830760191262 0.33840204016259823 0.33840204016209013 0.33840204016215691 ...
   0.33840204016226377 0.33840204016255343 0.3384020401622943 0.33840204016215863 ...
   0.338402040162565 0.33840204016232445 0.33519105321807408 0.3128057731119438 ...
   0.290283607337444 0.26762329646342847 0.24482356556066814 0.22188312396286616 ...
   0.19880066502438409 0.17557486587072033 0.15220438714620316 0.12868787275690091 ...
   0.10502394960833131 0.081211227337108588;
   0.10811083766589309 0.13776976461284146 0.16719892126506669 0.19640096739393939 ...
   0.22537852188038446 0.25413416348983503 0.28267043164551925 0.31098982717002593 ...
   0.33909481301646077 0.34228676360561378 0.34228676360555016 0.34228676360557031 ...
   0.34228676360591348 0.34228676360577476 0.34228676360581595 0.3422867636056573 ...
   0.34228676360564064 0.34228676360584803 0.34088474100634342 0.31846736155495969 ...
   0.29591364387557689 0.273222340398688 0.25039218828862275 0.22742190920688335 ...
   0.20431020907481423 0.18105577782991353 0.15765728917753449 0.13411340034098468 ...
   0.11042275180188633 0.086583967041647711;
   0.11420862586681416 0.1439007217301265 0.17336408189291211 0.20260133934113844 ...
   0.23161508680625806 0.26040787752846356 0.28898222600477841 0.31734060872552755 ...
   0.34548546488610332 0.34577277576025112 0.34577277575992454 0.3457727757603461 ...
   0.34577277576010129 0.34577277576012616 0.34577277576031751 0.34577277576012766 ...
   0.34577277576011328 0.34577277575988508 0.34577277575988713 0.32363944827348545 ...
   0.30105303009203926 0.27832960343608182 0.25546791788049339 0.23246670773586117 ...
   0.2093246918181085 0.18604057320733422 0.16261303900923713 0.13904076010477939 ...
   0.11532239090108129 0.091456569073595173;
   0.11974174886363989 0.14946950475436122 0.17896956818591184 0.20824454510916812 ...
   0.23729700186096142 0.26612946591141906 0.29474442659780947 0.32314433584098923 ...
   0.34889415055131523 0.34889415055128342 0.34889415055148715 0.34889415055142997 ...
   0.34889415055175432 0.34889415055133233 0.3488941505516136 0.34889415055148743 ...
   0.34889415055170558 0.34889415055139339 0.34889415055145595 0.32836387285481061 ...
   0.30574379775446336 0.282987307033965 0.2600931629312524 0.23706011266507596 ...
   0.21388688820595858 0.19057220604321762 0.16711476694874652 0.1435132557341135 ...
   0.11976634100625973 0.095872674916607933;
   0.12475884418681853 0.15452441203088932 0.18406333751643761 0.21337819939108488 ...
   0.24247153743010846 0.27134585316740262 0.30000361061548148 0.32844723696275197 ...
   0.351681494510766 0.35168149451019215 0.35168149450998282 0.35168149451025971 ...
   0.35168149451015795 0.3516814945098426 0.351681494509924 0.35168149451043523 ...
   0.35168149450983122 0.35168149451000369 0.35168149451020631 0.33267811942034858 ...
   0.31002360133064033 0.28723327381036018 0.264305911960675 0.241240276109261 ...
   0.21803511158464753 0.19468914849111577 0.17120110147445722 0.14756966948763842 ...
   0.12379353555080436 0.099871366506270445;
   0.12930348142192466 0.159108711797042 0.18868835520910346 0.21804496310373883 ...
   0.24718104859573989 0.276099087182498 0.30480151744948991 0.33329074175330586 ...
   0.354162371509004 0.35416237150891838 0.3541623715090324 0.35416237150926161 ...
   0.35416237150906565 0.35416237150866325 0.35416237150875612 0.354162371508992 ...
   0.35416237150893126 0.35416237150877317 0.35416237150906538 0.33661586438155638 ...
   0.31392626829157722 0.29110148035486821 0.26814028868672329 0.24504146687415856 ...
   0.22180377375817897 0.19842595321052695 0.17490673390841746 0.15124482910248133 ...
   0.12743893638339301 0.1034877374433968;
   0.13341479962042829 0.16326127505406154 0.19288322283827011 0.22228316707821219 ...
   0.2514635941853407 0.28042695357965652 0.30917565837503364 0.3377120860482975 ...
   0.35636166651538931 0.3563616665153137 0.35636166651553469 0.35636166651515849 ...
   0.35636166651571549 0.35636166651537077 0.35636166651515722 0.35636166651520129 ...
   0.35636166651559781 0.35636166651511564 0.356361666515416 0.34020744349554227 ...
   0.31748226839054766 0.29462252869334987 0.27162702564066493 0.24849454618856678 ...
   0.22522386279811984 0.20181373321866672 0.17826290026638689 0.15457009160173818 ...
   0.13073401949492031 0.10675338059924405;
   0.13712805079180829 0.16701711513351114 0.19668271383762634 0.22612734368103951 ...
   0.255353464386909 0.28436349930146065 0.31315983607290349 0.34174482729841871 ...
   0.35830189835055543 0.35830189835031367 0.35830189835071469 0.35830189835000248 ...
   0.35830189835066384 0.35830189835028364 0.35830189835029597 0.3583018983509107 ...
   0.35830189835060589 0.35830189835064735 0.358301898350436 0.34348025176511421 ...
   0.320719115506544 0.29782405004614887 0.27479386981329579 0.25162737520246869 ...
   0.22832335236538834 0.204880572998807 0.18129779412848113 0.15757375788988828 ...
   0.13370719130443154 0.10969680605099359;
   0.14047506525261408 0.17040784963393835 0.20011823200175541 0.22960868187067779 ...
   0.25888163232372396 0.28793948069048081 0.31678458919557589 0.34541928560246166 ...
   0.36000348962204348 0.36000348962205991 0.3600034896221862 0.360003489621997 ...
   0.36000348962202372 0.36000348962231937 0.36000348962198658 0.36000348962194678 ...
   0.36000348962194428 0.36000348962194018 0.36000348962216289 0.34645908720324708 ...
   0.32366171311196923 0.30073105197542188 0.27766593145312518 0.25446516541562048 ...
   0.23112755374131408 0.20765188210766816 0.18403692178561837 0.16028142941855075 ...
   0.13638414680968985 0.1123438006950485;
   0.14348465165005597 0.1734620974749832 0.20321820556128256 0.23275541825466178 ...
   0.262076142099251 0.29118274849287651 0.32007757432127992 0.34876292259111974 ...
   0.36148500052514942 0.36148500052492366 0.3614850005250857 0.36148500052488297 ...
   0.36148500052523092 0.36148500052482185 0.36148500052514243 0.36148500052502758 ...
   0.36148500052518218 0.36148500052502069 0.36148500052501165 0.34916644745614167 ...
   0.32633265239284132 0.303366217979627 0.28026598511522582 0.25703078115552813 ...
   0.23365941971061946 0.21015070044670198 0.18650340887816894 0.16271631616160184 ...
   0.13878817887817776 0.11471773882196727;
   0.14618294212499972 0.17620582147931546 0.20600842715021322 0.23559317445167885 ...
   0.26496244351600573 0.29411857993092994 0.32306389536175789 0.35180066816516503 ...
   0.362763332046615 0.36276333204672706 0.3627633320467446 0.36276333204668432 ...
   0.36276333204672734 0.36276333204716232 0.362763332046645 0.36276333204646738 ...
   0.36276333204666311 0.36276333204668337 0.36276333204689015 0.35162278667499969 ...
   0.32875247043052308 0.30575016697130353 0.28261473041954654 0.25934500159704754 ...
   0.2359398078276615 0.21239796274384945 0.18871826608125084 0.16489950347997148 ...
   0.14094044627413038 0.11683985128162358;
   0.14859369121471938 0.17866262500258359 0.20851234816397926 0.23814524914998958 ...
   0.26756368183739726 0.29676996615486639 0.32576638869069485 0.3545552032901606 ...
   0.36385390315309041 0.36385390315350585 0.36385390315369676 0.36385390315291266 ...
